0.208734642301505
0.0458701079272186
0.0186439432990825
0.0036772990700911
0.0112116001027491
0.000552785316025337
0.082460022017088
0.0131564191961208
0.0132482618556304
0.0041644900543473
0.391481205795083
0.15020049199893
0.0379382262866614
0.0153513378556393
0.0189681652236388
0.00769903783647514
0.0138111810533236
0.0111271564538696
0.00474514266174698
0.347725014066629
0.0194812047753708
0.00506862939687693
0.0078995137386491
0.00438353811943341
0.00199344982130009
0.127075403054481
0.0113513302199328
0.0035990787824303
0.00669521101064124
0.00618955024890795
0.0350163118894778
0.188063567331397
0.0574343251662441
0.0193736711196844
0.449242940084034
0.0440188368166855
0.00912829051943645
0.000812260688272522
0.000629302635529674
0.00753598200930685
0.0538508028520331
0.0578191230479182
0.0392990959499779
0.0023713911804329
0.00226624495541271
0.00247040452527456
0.00229783928551408
0.00169654116299602
0.000151896387796541
0.0379051805454699
0.194760312039557
Inf
0.000288576511344566
7.00534034517511e-05
9.64486234884443e-05
0.000110684179639154
0.000122429414162752
0.000208003948790162
0.585748715613857
0.714801919628887
0.59303487898187
0.353355936579891
0.0411468731782928
0.554134153793375
0.631822780549117
0.0155495574795929
2.90692061045913
Inf
Inf
2.08901740710156
Inf
Inf
3.20501823139553
Inf
Inf
2.71312553345735
Inf
Inf
0.0255629487582576
