0.274789182032916
0.07352709325097
0.035885387279625
0.0116377376401968
0.0228600576158058
0.00419274530207685
0.12524321902647
0.0268011869286563
0.027722627518483
0.0146933301488898
0.523143344174124
0.257542595778019
0.0744808343111974
0.0317110948409386
0.0372361469039883
0.0156762206523865
0.0276602859161246
0.0228992785662276
0.0107750996523672
0.51605538472764
0.0341535048346075
0.00972926916256998
0.0144019455519006
0.00950642784024208
0.00491747908968419
0.164322603104429
0.016837060998911
0.00611558297826857
0.0102896973623526
0.00955135383416299
0.0475083938795395
0.242981371604545
0.0809428867195584
0.0302310008725673
0.634095422560217
0.0751543433885972
0.0159244535101255
0.00210114453525525
0.00176867614367952
0.0129823347772753
0.083935502200118
0.0923691714058755
0.0592366278038782
0.062782460064519
0.0631178363013846
0.062391062031219
0.0630184825603239
0.0121287927153148
0.00306481815274297
0.0565101293271098
0.375007468069448
Inf
0.00607067973245269
0.00185742493647301
0.00245127291141122
0.00283470785466928
0.00310796088494725
0.00531866399776361
0.652025541879239
0.896802202017847
0.697778196566533
0.421195857609948
0.054420360160529
0.925250238909006
1.23859743868959
0.0430064621636415
4.15344397009095
Inf
Inf
3.34628396452835
Inf
Inf
5.79014555511375
Inf
Inf
4.07982038494349
Inf
Inf
0.498096661544549
