0.353035264043806
0.112463929190362
0.0628304008823928
0.0281133921203192
0.0424947814825449
0.0150662972707639
0.181978852304778
0.050171472336357
0.0523041617866622
0.0381801344683869
0.695683681802849
0.38885260164403
0.130753593595992
0.0580630869024246
0.0662229105131981
0.0292977461903587
0.0508570143686536
0.0431092939655542
0.0223489746883261
0.701520095878241
0.0558739579799307
0.0174763380889437
0.0245439465259477
0.0187175817041476
0.0106821932247363
0.215906148666399
0.0249965111173704
0.0100431324756704
0.0153645854145672
0.0142599427117635
0.0636560465013443
0.310627336772901
0.113029170712469
0.0456219913864537
0.825787262347429
0.120285557265385
0.0259997199561515
0.00466927526544121
0.00418814845259911
0.0214453297821861
0.126997171136953
0.144038276327284
0.0877257608877439
0.290677853588668
0.291256592794614
0.290407173465196
0.28944390151569
0.0289886823914431
0.0108368028968338
0.0810074965883991
0.577150686759351
Inf
0.0187082876430604
0.00854311680503356
0.0110022610378287
0.011646731455796
0.0131903361238566
0.0213657376601873
0.718242743361657
1.12616964084051
0.821849839078756
0.506036979097491
0.074334574070738
1.6010239229224
2.60969697079744
0.100276302893827
5.8019799302817
Inf
Inf
5.50111521388238
Inf
Inf
10.852430699844
Inf
Inf
6.16769445277451
Inf
Inf
0.976092317318595
