7.977011494252873591e-01
4.901960784313725283e-01
5.000000000000000000e-01
4.666666666666666741e-01
7.058823529411765163e-01
5.000000000000000000e-01
6.640000000000000346e-01
6.800000000000000488e-01
5.862068965517240882e-01
3.333333333333333148e-01
5.211051419800460938e-01
4.263157894736842035e-01
3.643122676579925723e-01
5.069444444444444198e-01
5.235294117647059098e-01
8.425925925925925597e-01
8.023255813953488191e-01
8.529411764705882026e-01
8.809523809523809312e-01
8.879367172050098844e-01
9.767441860465115866e-01
9.250000000000000444e-01
9.636363636363636243e-01
1.000000000000000000e+00
1.000000000000000000e+00
9.979144942648592309e-01
1.000000000000000000e+00
1.000000000000000000e+00
1.000000000000000000e+00
1.000000000000000000e+00
1.000000000000000000e+00
1.000000000000000000e+00
1.000000000000000000e+00
1.000000000000000000e+00
1.000000000000000000e+00
1.000000000000000000e+00
1.000000000000000000e+00
1.000000000000000000e+00
1.000000000000000000e+00
1.000000000000000000e+00
1.000000000000000000e+00
1.000000000000000000e+00
1.000000000000000000e+00
