1.979000000000000000e+03
1.980000000000000000e+03
1.981000000000000000e+03
1.982000000000000000e+03
1.983000000000000000e+03
1.984000000000000000e+03
1.985000000000000000e+03
1.986000000000000000e+03
1.987000000000000000e+03
1.988000000000000000e+03
1.988900000000000091e+03
1.989500000000000000e+03
1.990329999999999927e+03
1.991000000000000000e+03
1.992000000000000000e+03
1.993000000000000000e+03
1.994000000000000000e+03
1.995000000000000000e+03
1.996000000000000000e+03
1.996670000000000073e+03
1.997329999999999927e+03
1.998000000000000000e+03
1.999000000000000000e+03
2.000000000000000000e+03
2.000500000000000000e+03
2.001079999999999927e+03
2.002000000000000000e+03
2.003000000000000000e+03
2.004000000000000000e+03
2.005000000000000000e+03
2.006000000000000000e+03
2.006750000000000000e+03
2.007750000000000000e+03
2.008500000000000000e+03
2.009160000000000082e+03
2.009750000000000000e+03
2.010000000000000000e+03
2.011000000000000000e+03
2.012000000000000000e+03
2.013000000000000000e+03
2.013579999999999927e+03
2.013829999999999927e+03
2.014000000000000000e+03
2.015000000000000000e+03
