1.979000000000000000e+03
1.979083333333333258e+03
1.979166666666666515e+03
1.979249999999999773e+03
1.979333333333333030e+03
1.979416666666666288e+03
1.979499999999999545e+03
1.979583333333332803e+03
1.979666666666666060e+03
1.979749999999999318e+03
1.979833333333332575e+03
1.979916666666665833e+03
1.979999999999999091e+03
1.980083333333332348e+03
1.980166666666665606e+03
1.980249999999998863e+03
1.980333333333332121e+03
1.980416666666665378e+03
1.980499999999998636e+03
1.980583333333331893e+03
1.980666666666665151e+03
1.980749999999998408e+03
1.980833333333331666e+03
1.980916666666664923e+03
1.980999999999998181e+03
1.981083333333331439e+03
1.981166666666664696e+03
1.981249999999997954e+03
1.981333333333331211e+03
1.981416666666664469e+03
1.981499999999997726e+03
1.981583333333330984e+03
1.981666666666664241e+03
1.981749999999997499e+03
1.981833333333330756e+03
1.981916666666664014e+03
1.981999999999997272e+03
1.982083333333330529e+03
1.982166666666663787e+03
1.982249999999997044e+03
1.982333333333330302e+03
1.982416666666663559e+03
1.982499999999996817e+03
1.982583333333330074e+03
1.982666666666663332e+03
1.982749999999996589e+03
1.982833333333329847e+03
1.982916666666663104e+03
1.982999999999996362e+03
1.983083333333329620e+03
1.983166666666662877e+03
1.983249999999996135e+03
1.983333333333329392e+03
1.983416666666662650e+03
1.983499999999995907e+03
1.983583333333329165e+03
1.983666666666662422e+03
1.983749999999995680e+03
1.983833333333328937e+03
1.983916666666662195e+03
1.983999999999995453e+03
1.984083333333328710e+03
1.984166666666661968e+03
1.984249999999995225e+03
1.984333333333328483e+03
1.984416666666661740e+03
1.984499999999994998e+03
1.984583333333328255e+03
1.984666666666661513e+03
1.984749999999994770e+03
1.984833333333328028e+03
1.984916666666661285e+03
1.984999999999994543e+03
1.985083333333327801e+03
1.985166666666661058e+03
1.985249999999994316e+03
1.985333333333327573e+03
1.985416666666660831e+03
1.985499999999994088e+03
1.985583333333327346e+03
1.985666666666660603e+03
1.985749999999993861e+03
1.985833333333327118e+03
1.985916666666660376e+03
1.985999999999993634e+03
1.986083333333326891e+03
1.986166666666660149e+03
1.986249999999993406e+03
1.986333333333326664e+03
1.986416666666659921e+03
1.986499999999993179e+03
1.986583333333326436e+03
1.986666666666659694e+03
1.986749999999992951e+03
1.986833333333326209e+03
1.986916666666659467e+03
1.986999999999992724e+03
1.987083333333325982e+03
1.987166666666659239e+03
1.987249999999992497e+03
1.987333333333325754e+03
1.987416666666659012e+03
1.987499999999992269e+03
1.987583333333325527e+03
1.987666666666658784e+03
1.987749999999992042e+03
1.987833333333325299e+03
1.987916666666658557e+03
1.987999999999991815e+03
1.988083333333325072e+03
1.988166666666658330e+03
1.988249999999991587e+03
1.988333333333324845e+03
1.988416666666658102e+03
1.988499999999991360e+03
1.988583333333324617e+03
1.988666666666657875e+03
1.988749999999991132e+03
1.988833333333324390e+03
1.988916666666657648e+03
1.988999999999990905e+03
1.989083333333324163e+03
1.989166666666657420e+03
1.989249999999990678e+03
1.989333333333323935e+03
1.989416666666657193e+03
1.989499999999990450e+03
1.989583333333323708e+03
1.989666666666656965e+03
1.989749999999990223e+03
1.989833333333323480e+03
1.989916666666656738e+03
1.989999999999989996e+03
1.990083333333323253e+03
1.990166666666656511e+03
1.990249999999989768e+03
1.990333333333323026e+03
1.990416666666656283e+03
1.990499999999989541e+03
1.990583333333322798e+03
1.990666666666656056e+03
1.990749999999989313e+03
1.990833333333322571e+03
1.990916666666655829e+03
1.990999999999989086e+03
1.991083333333322344e+03
1.991166666666655601e+03
1.991249999999988859e+03
1.991333333333322116e+03
1.991416666666655374e+03
1.991499999999988631e+03
1.991583333333321889e+03
1.991666666666655146e+03
1.991749999999988404e+03
1.991833333333321661e+03
1.991916666666654919e+03
1.991999999999988177e+03
1.992083333333321434e+03
1.992166666666654692e+03
1.992249999999987949e+03
1.992333333333321207e+03
1.992416666666654464e+03
1.992499999999987722e+03
1.992583333333320979e+03
1.992666666666654237e+03
1.992749999999987494e+03
1.992833333333320752e+03
1.992916666666654010e+03
1.992999999999987267e+03
1.993083333333320525e+03
1.993166666666653782e+03
1.993249999999987040e+03
1.993333333333320297e+03
1.993416666666653555e+03
1.993499999999986812e+03
1.993583333333320070e+03
1.993666666666653327e+03
1.993749999999986585e+03
1.993833333333319842e+03
1.993916666666653100e+03
1.993999999999986358e+03
1.994083333333319615e+03
1.994166666666652873e+03
1.994249999999986130e+03
1.994333333333319388e+03
1.994416666666652645e+03
1.994499999999985903e+03
1.994583333333319160e+03
1.994666666666652418e+03
1.994749999999985675e+03
1.994833333333318933e+03
1.994916666666652191e+03
1.994999999999985448e+03
1.995083333333318706e+03
1.995166666666651963e+03
1.995249999999985221e+03
1.995333333333318478e+03
1.995416666666651736e+03
1.995499999999984993e+03
1.995583333333318251e+03
1.995666666666651508e+03
1.995749999999984766e+03
1.995833333333318024e+03
1.995916666666651281e+03
1.995999999999984539e+03
1.996083333333317796e+03
1.996166666666651054e+03
1.996249999999984311e+03
1.996333333333317569e+03
1.996416666666650826e+03
1.996499999999984084e+03
1.996583333333317341e+03
1.996666666666650599e+03
1.996749999999983856e+03
1.996833333333317114e+03
1.996916666666650372e+03
1.996999999999983629e+03
1.997083333333316887e+03
1.997166666666650144e+03
1.997249999999983402e+03
1.997333333333316659e+03
1.997416666666649917e+03
1.997499999999983174e+03
1.997583333333316432e+03
1.997666666666649689e+03
1.997749999999982947e+03
1.997833333333316205e+03
1.997916666666649462e+03
1.997999999999982720e+03
1.998083333333315977e+03
1.998166666666649235e+03
1.998249999999982492e+03
1.998333333333315750e+03
1.998416666666649007e+03
1.998499999999982265e+03
1.998583333333315522e+03
1.998666666666648780e+03
1.998749999999982037e+03
1.998833333333315295e+03
1.998916666666648553e+03
1.998999999999981810e+03
1.999083333333315068e+03
1.999166666666648325e+03
1.999249999999981583e+03
1.999333333333314840e+03
1.999416666666648098e+03
1.999499999999981355e+03
1.999583333333314613e+03
1.999666666666647870e+03
1.999749999999981128e+03
1.999833333333314386e+03
1.999916666666647643e+03
1.999999999999980901e+03
2.000083333333314158e+03
2.000166666666647416e+03
2.000249999999980673e+03
2.000333333333313931e+03
2.000416666666647188e+03
2.000499999999980446e+03
2.000583333333313703e+03
2.000666666666646961e+03
2.000749999999980218e+03
2.000833333333313476e+03
2.000916666666646734e+03
2.000999999999979991e+03
2.001083333333313249e+03
2.001166666666646506e+03
2.001249999999979764e+03
2.001333333333313021e+03
2.001416666666646279e+03
2.001499999999979536e+03
2.001583333333312794e+03
2.001666666666646051e+03
2.001749999999979309e+03
2.001833333333312567e+03
2.001916666666645824e+03
2.001999999999979082e+03
2.002083333333312339e+03
2.002166666666645597e+03
2.002249999999978854e+03
2.002333333333312112e+03
2.002416666666645369e+03
2.002499999999978627e+03
2.002583333333311884e+03
2.002666666666645142e+03
2.002749999999978400e+03
2.002833333333311657e+03
2.002916666666644915e+03
2.002999999999978172e+03
2.003083333333311430e+03
2.003166666666644687e+03
2.003249999999977945e+03
2.003333333333311202e+03
2.003416666666644460e+03
2.003499999999977717e+03
2.003583333333310975e+03
2.003666666666644232e+03
2.003749999999977490e+03
2.003833333333310748e+03
2.003916666666644005e+03
2.003999999999977263e+03
2.004083333333310520e+03
2.004166666666643778e+03
2.004249999999977035e+03
2.004333333333310293e+03
2.004416666666643550e+03
2.004499999999976808e+03
2.004583333333310065e+03
2.004666666666643323e+03
2.004749999999976581e+03
2.004833333333309838e+03
2.004916666666643096e+03
2.004999999999976353e+03
2.005083333333309611e+03
2.005166666666642868e+03
2.005249999999976126e+03
2.005333333333309383e+03
2.005416666666642641e+03
2.005499999999975898e+03
2.005583333333309156e+03
2.005666666666642413e+03
2.005749999999975671e+03
2.005833333333308929e+03
2.005916666666642186e+03
2.005999999999975444e+03
2.006083333333308701e+03
2.006166666666641959e+03
2.006249999999975216e+03
2.006333333333308474e+03
2.006416666666641731e+03
2.006499999999974989e+03
2.006583333333308246e+03
2.006666666666641504e+03
2.006749999999974762e+03
2.006833333333308019e+03
2.006916666666641277e+03
2.006999999999974534e+03
2.007083333333307792e+03
2.007166666666641049e+03
2.007249999999974307e+03
2.007333333333307564e+03
2.007416666666640822e+03
2.007499999999974079e+03
2.007583333333307337e+03
2.007666666666640594e+03
2.007749999999973852e+03
2.007833333333307110e+03
2.007916666666640367e+03
2.007999999999973625e+03
2.008083333333306882e+03
2.008166666666640140e+03
2.008249999999973397e+03
2.008333333333306655e+03
2.008416666666639912e+03
2.008499999999973170e+03
2.008583333333306427e+03
2.008666666666639685e+03
2.008749999999972943e+03
2.008833333333306200e+03
2.008916666666639458e+03
2.008999999999972715e+03
2.009083333333305973e+03
2.009166666666639230e+03
2.009249999999972488e+03
2.009333333333305745e+03
2.009416666666639003e+03
2.009499999999972260e+03
2.009583333333305518e+03
2.009666666666638775e+03
2.009749999999972033e+03
2.009833333333305291e+03
2.009916666666638548e+03
2.009999999999971806e+03
2.010083333333305063e+03
2.010166666666638321e+03
2.010249999999971578e+03
2.010333333333304836e+03
2.010416666666638093e+03
2.010499999999971351e+03
2.010583333333304608e+03
2.010666666666637866e+03
2.010749999999971124e+03
2.010833333333304381e+03
2.010916666666637639e+03
2.010999999999970896e+03
2.011083333333304154e+03
2.011166666666637411e+03
2.011249999999970669e+03
2.011333333333303926e+03
2.011416666666637184e+03
2.011499999999970441e+03
2.011583333333303699e+03
2.011666666666636957e+03
2.011749999999970214e+03
2.011833333333303472e+03
2.011916666666636729e+03
2.011999999999969987e+03
2.012083333333303244e+03
2.012166666666636502e+03
2.012249999999969759e+03
2.012333333333303017e+03
2.012416666666636274e+03
2.012499999999969532e+03
2.012583333333302789e+03
2.012666666666636047e+03
2.012749999999969305e+03
2.012833333333302562e+03
2.012916666666635820e+03
2.012999999999969077e+03
2.013083333333302335e+03
2.013166666666635592e+03
2.013249999999968850e+03
2.013333333333302107e+03
2.013416666666635365e+03
2.013499999999968622e+03
2.013583333333301880e+03
2.013666666666635138e+03
2.013749999999968395e+03
2.013833333333301653e+03
2.013916666666634910e+03
2.013999999999968168e+03
2.014083333333301425e+03
2.014166666666634683e+03
2.014249999999967940e+03
2.014333333333301198e+03
2.014416666666634455e+03
2.014499999999967713e+03
2.014583333333300970e+03
2.014666666666634228e+03
2.014749999999967486e+03
2.014833333333300743e+03
2.014916666666634001e+03
