0.335181603318305
0.0749940604579817
0.0327537589409704
0.0320078603270426
0.0360856472321044
0.0164936100741593
0.14925285343615
0.0455138077556874
0.046845344886495
0.0332048058056388
0.626795059260913
0.242751113989947
0.083827419454436
0.0317785907933145
0.0272357057758468
0.018574068200704
0.0297390753891842
0.0222635182269907
0.0131408359154544
0.757504433097785
0.0717039633113897
0.0252608466251458
0.0306832439006446
0.016546072246801
0.00767520048087241
0.224077598798343
0.0292951966620417
0.010910304086949
0.0145076160864889
0.0113433301109388
0.0671373769409262
0.294466282131459
0.0970795929688225
0.042102821087288
0.845046013872918
0.105841706793524
0.0249073578804733
0.00498334549356397
0.00253934015422863
0.0220189055261355
0.107451104452202
0.178625447903108
0.0794171445599542
0.11367568458137
0.112200120537756
0.111812728319934
0.112442835429687
0.00971244710488184
0.0222932810367904
0.0676066296988189
0.811056151536917
Inf
0.0135988842600278
0.00558782958839885
0.00635478400522567
0.00676520264263995
0.0150993704739342
0.0168326590580413
0.750648101747587
1.14689253597771
0.999378489407177
0.586158322001286
0.067686126069094
1.35664224952868
5.85001080858641
0.230976208870945
5.33151239530961
Inf
Inf
3.89513051466038
Inf
Inf
17.0722204801665
Inf
Inf
5.09888605329456
Inf
Inf
0.973638014866063
