0.263575735442331
0.0469825023822329
0.0163795286535432
0.0150402794755608
0.019613282544407
0.00553863097880114
0.104124046264746
0.0253897670017846
0.0249686649300328
0.0124808868517147
0.467689777516231
0.148723839354509
0.0459840118067438
0.0164112127517063
0.0143699035541669
0.00972862130266289
0.0159075178727236
0.0117532818000894
0.0064513480921295
0.589247397960671
0.0466478255634123
0.015047362823037
0.0187954507473594
0.00805758155101803
0.00302670957208439
0.164188027129687
0.0191620917191013
0.00642914973587299
0.0094156106376071
0.00718180082500997
0.0493462208305801
0.224669660315037
0.0681959729094336
0.0276083850735496
0.648618468593987
0.0643816988038363
0.015134423230386
0.00218680213729936
0.00080819966557428
0.0131738662792621
0.0697591314709515
0.115887169226776
0.0533551535677466
0.0219201258937386
0.0216833965541767
0.0216830347262181
0.0217169383328189
0.00182775279605357
0.00965935482070346
0.0503708416067364
0.526225554490191
Inf
0.00361583176424324
0.00110138466540942
0.00129463351741457
0.00138170858242028
0.00423064256058429
0.00363514525922224
0.679420946445931
0.908111581288198
0.818146785393376
0.455597045044192
0.0503784547002755
0.824184037382832
2.65604889281041
0.108574635352108
3.57912661966179
Inf
Inf
2.48796223506701
Inf
Inf
8.33760561338216
Inf
Inf
3.41087110458139
Inf
Inf
0.503196264678813
