0.194269700664908
0.0270413513811035
0.00702617597615184
0.0058484329933741
0.00945787980829303
0.00117969500473875
0.0674611152820425
0.0127862442302047
0.011853277601031
0.00337484733848904
0.346876527541623
0.0779663984466036
0.0220361902955851
0.00751528013424289
0.00678547255434942
0.00455431917802772
0.00753693082437855
0.00548174628280982
0.00284006004753055
0.427870047096099
0.0286170550291415
0.00851218450885442
0.0108708002242139
0.0034519098041079
0.000916247898757237
0.121303852042247
0.0125756388067561
0.00369143731250709
0.00590180797133585
0.00438489860429068
0.0355382446124081
0.167810724243592
0.0469863609104672
0.0175765883457398
0.440825587130627
0.0357152743267296
0.00831674513231163
0.00081478776252291
0.000166944686765137
0.0076373015226565
0.0436934548270738
0.0726797822988974
0.0352480604738645
0.000793070268541931
0.000794676467675123
0.000786810472946812
0.000828123552964855
6.60948168823866e-05
0.00114608752087274
0.0347709279214279
0.257501774676108
Inf
0.000143284534957299
4.12381251596969e-05
4.64990997632801e-05
5.15307914812093e-05
0.000184805793858634
0.000143167261935783
0.609074537812184
0.713042394903264
0.682255977536041
0.368690980341034
0.0383870914332648
0.517200256696481
1.35782889264952
0.0499541033620555
2.18581642641245
Inf
Inf
1.52706442367877
Inf
Inf
3.87470399524589
Inf
Inf
2.29578650014966
Inf
Inf
0.0248552511513663
